0
0
0.326492
0.562744
0.695404
0.743408
0.697449
0.579529
0.409027
0.202713
-0.0250854
-0.262405
-0.481873
-0.671371
-0.813461
-0.904739
-0.935272
-0.908066
-0.818527
-0.682739
-0.506073
-0.302963
-0.0857849
0.126358
0.336136
0.510223
0.64122
0.724533
0.757996
0.741425
0.65863
0.534393
0.371796
0.183365
-0.0200958
-0.220703
-0.413193
-0.575867
-0.701385
-0.776184
-0.800003
-0.765305
-0.676819
-0.531067
-0.344803
-0.132416
0.0939789
0.324371
0.550735
0.740417
0.895493
0.992142
1.03125
1.01538
0.930679
0.79512
0.597977
0.359451
0.0968323
-0.175461
-0.445648
-0.704407
-0.927078
-1.10428
-1.22127
-1.27724
-1.26469
-1.18893
-1.04747
-0.858276
-0.628387
-0.373688
-0.107742
0.149368
0.399582
0.609024
0.769958
0.877625
0.929855
0.926605
0.851929
0.730957
0.5672
0.373703
0.161804
-0.0500793
-0.256119
-0.434067
-0.576065
-0.668076
-0.709381
-0.692032
-0.620377
-0.490646
-0.319351
-0.120651
0.0934753
0.31311
0.530273
0.712311
0.861282
0.953339
0.989304
0.971649
0.886414
0.751434
0.555862
0.319748
0.0602112
-0.208481
-0.474686
-0.729233
-0.947601
-1.12051
-1.23331
-1.28525
-1.26894
-1.18973
-1.0452
-0.853348
-0.621231
-0.364731
-0.0974121
0.16066
0.411453
0.621124
0.781967
0.889252
0.940857
0.936783
0.861145
0.73912
0.574249
0.379593
0.166534
-0.046463
-0.253571
-0.432526
-0.575455
-0.668304
-0.710342
-0.693634
-0.622528
-0.493256
-0.322327
-0.123917
0.0899963
0.309494
0.526611
0.708679
0.857742
0.949936
0.986084
0.968658
0.883682
0.748978
0.55368
0.317841
0.0585785
-0.209839
-0.475769
-0.730042
-0.948135
-1.12077
-1.23332
-1.28508
-1.26865
-1.18938
-1.04483
-0.852997
-0.620911
-0.364441
-0.0971527
0.160904
0.411697
0.621399
0.782303
0.889679
0.941391
0.937439
0.861908
0.739975
0.57518
0.380585
0.167572
-0.0453949
-0.252472
-0.431396
-0.574295
-0.667114
-0.709122
-0.692352
-0.62117
-0.491821
-0.320816
-0.122345
0.0916138
0.311142
0.528259
0.710327
0.85939
0.951584
0.987732
0.970306
0.885315
0.750565
0.555191
0.319244
0.059845
-0.208725
-0.474838
-0.729309
-0.947601
-1.12044
-1.23315
-1.28503
-1.26868
-1.18944
-1.04489
-0.853043
-0.620941
-0.364456
-0.0971527
0.160919
0.411713
0.621399
0.782288
0.889633
0.941299
0.937271
0.861649
0.739609
0.574692
0.379974
0.16684
-0.0462494
-0.253448
-0.432495
-0.575516
-0.668457
-0.710587
-0.693954
-0.622925
-0.493729
-0.322876
-0.124542
0.0893097
0.308762
0.525833
0.707855
0.856888
0.949081
0.985245
0.96785
0.882919
0.748276
0.553055
0.317322
0.0581818
-0.210098
-0.475891
-0.730026
-0.947983
-1.1205
-1.23293
-1.28456
-1.26799
-1.18857
-1.04385
-0.851852
-0.619629
-0.363068
-0.0957336
0.162323
0.413071
0.622681
0.783447
0.890656
0.942184
0.938019
0.862259
0.740082
0.575027
0.380173
0.166901
-0.0463257
-0.253662
-0.432831
-0.575958
-0.668991
-0.711197
-0.694611
-0.623596
-0.494385
-0.323502
-0.125107
0.0888214
0.308365
0.525543
0.707687
0.856842
0.949142
0.985413
0.968124
0.883286
0.748718
0.553543
0.317795
0.0585938
-0.209808
-0.475754
-0.730072
-0.948227
-1.12094
-1.23357
-1.28539
-1.26897
-1.18967
-1.04506
-0.853149
-0.620987
-0.364456
-0.0971069
0.161011
0.41185
0.621567
0.782455
0.889771
0.941391
0.937332
0.861679
0.739624
0.574707
0.38002
0.166931
-0.0460968
-0.253235
-0.432236
-0.575226
-0.668152
-0.710281
-0.693665
-0.62265
-0.493454
-0.322586
-0.124222
0.0896606
0.309158
0.526291
0.708405
0.857544
0.94986
0.98616
0.968903
0.884094
0.749557
0.554413
0.31871
0.0595551
-0.208786
-0.474686
-0.728973
-0.947113
-1.11983
-1.23247
-1.28432
-1.26796
-1.18875
-1.04424
-0.852402
-0.6203
-0.363815
-0.0965118
0.16156
0.412369
0.62207
0.782944
0.890259
0.941895
0.937836
0.862183
0.740097
0.575119
0.380325
0.167099
-0.0460815
-0.253372
-0.432495
-0.575577
-0.668564
-0.710724
-0.694107
-0.623062
-0.49382
-0.322891
-0.124466
0.0894928
0.309052
0.52623
0.708374
0.857529
0.949844
0.98613
0.968842
0.883987
0.749405
0.554214
0.318466
0.0592651
-0.209122
-0.475052
-0.729355
-0.947525
-1.12029
-1.23299
-1.28491
-1.26863
-1.18948
-1.04501
-0.853226
-0.62117
-0.364746
-0.0975037
0.160507
0.41124
0.620865
0.781693
0.888977
0.940582
0.936508
0.860855
0.7388
0.573883
0.379196
0.166107
-0.0469208
-0.254059
-0.43306
-0.576035
-0.668915
-0.710983
-0.69429
-0.623184
-0.493896
-0.322937
-0.124481
0.0894928
0.309067
0.52626
0.70842
0.857574
0.94986
0.986084
0.968719
0.883789
0.749115
0.553833
0.317993
0.0587006
-0.209763
-0.475754
-0.730103
-0.948273
-1.121
-1.23364
-1.28549
-1.26915
-1.18997
-1.0455
-0.853729
-0.621689
-0.365265
-0.0980225
0.159988
0.410736
0.620377
0.781204
0.888489
0.940109
0.936066
0.860458
0.738449
0.573578
0.378922
0.165863
-0.0471344
-0.254242
-0.433197
-0.576126
-0.668976
-0.711014
-0.69429
-0.623154
-0.493835
-0.322845
-0.124359
0.0896606
0.309311
0.526596
0.708847
