0
0
0.326492
0.562744
0.695419
0.743439
0.69751
0.57962
0.409149
0.202866
-0.0249176
-0.262222
-0.481689
-0.671204
-0.813354
-0.904755
-0.935455
-0.908478
-0.819214
-0.683762
-0.507462
-0.304749
-0.0879517
0.12384
0.333313
0.507156
0.637955
0.721115
0.754486
0.737869
0.65506
0.530807
0.368195
0.179764
-0.0236664
-0.224213
-0.416611
-0.579163
-0.704559
-0.779251
-0.802963
-0.768173
-0.679596
-0.533768
-0.347458
-0.135071
0.0912933
0.32164
0.547943
0.737564
0.892593
0.989258
1.02846
1.01277
0.92836
0.793182
0.596527
0.358582
0.0965881
-0.175049
-0.444595
-0.702759
-0.924896
-1.10164
-1.21826
-1.27397
-1.26131
-1.18558
-1.04428
-0.855392
-0.625916
-0.371719
-0.106339
0.150177
0.39978
0.608658
0.769073
0.876282
0.928131
0.924576
0.84967
0.728531
0.564667
0.371124
0.159241
-0.0525665
-0.258484
-0.436295
-0.578156
-0.670029
-0.711197
-0.693726
-0.621979
-0.492172
-0.320831
-0.122147
0.0919037
0.311432
0.528473
0.710419
0.859344
0.951416
0.987442
0.969894
0.884811
0.750015
0.554657
0.318787
0.0595093
-0.208923
-0.474884
-0.729233
-0.947449
-1.12025
-1.233
-1.28497
-1.26877
-1.18976
-1.04549
-0.853943
-0.622162
-0.366013
-0.0990295
0.158752
0.409302
0.618805
0.779541
0.886795
0.938461
0.93454
0.859131
0.737366
0.572784
0.378448
0.165726
-0.046936
-0.253708
-0.432358
-0.575027
-0.667664
-0.709534
-0.692688
-0.621506
-0.492203
-0.321289
-0.122955
0.0908356
0.310181
0.52713
0.709045
0.857986
0.950134
0.986282
0.968887
0.883987
0.749405
0.554276
0.318634
0.0595856
-0.208618
-0.47438
-0.728546
-0.946594
-1.11925
-1.23187
-1.28375
-1.26749
-1.18843
-1.04413
-0.852585
-0.620834
-0.364746
-0.0978546
0.159805
0.410202
0.619537
0.780121
0.887222
0.938751
0.934708
0.859177
0.737305
0.572632
0.37822
0.165436
-0.0472717
-0.254089
-0.43277
-0.575455
-0.668091
-0.709946
-0.693085
-0.621872
-0.492523
-0.321564
-0.123184
0.0906372
0.309998
0.526947
0.708862
0.857819
0.949966
0.986099
0.968689
0.883759
0.74913
0.553955
0.318283
0.0592194
-0.208984
-0.474701
-0.72879
-0.946747
-1.11931
-1.23183
-1.28358
-1.2672
-1.18803
-1.04364
-0.85202
-0.620209
-0.364075
-0.0971527
0.160522
0.410934
0.62027
0.780807
0.887848
0.939285
0.93512
0.859436
0.737381
0.572495
0.377838
0.164795
-0.048172
-0.255234
-0.434143
-0.577042
-0.669876
-0.711914
-0.695206
-0.624115
-0.494858
-0.323944
-0.125565
0.0883026
0.307755
0.524841
0.70694
0.85611
0.948502
0.984894
0.967743
0.883087
0.748734
0.553833
0.31842
0.0595856
-0.20842
-0.473984
-0.727966
-0.945847
-1.11835
-1.23082
-1.28255
-1.26613
-1.18692
-1.04248
-0.850815
-0.618973
-0.362823
-0.0958862
0.161804
0.412231
0.621582
0.78215
0.889221
0.940689
0.936539
0.860855
0.7388
0.573914
0.379272
0.166245
-0.0467072
-0.253754
-0.432648
-0.575531
-0.668335
-0.710342
-0.693604
-0.622482
-0.49321
-0.322296
-0.123932
0.0899048
0.309311
0.526321
0.708313
0.857361
0.949615
0.985855
0.968536
0.883713
0.749207
0.554153
0.318573
0.0595703
-0.208588
-0.474289
-0.728378
-0.946335
-1.1189
-1.23143
-1.28323
-1.26691
-1.18781
-1.04347
-0.851913
-0.620163
-0.364075
-0.097168
0.160522
0.41098
0.620392
0.781036
0.888184
0.939713
0.935623
0.860016
0.738037
0.573212
0.378616
0.165619
-0.0473328
-0.254395
-0.433304
-0.576202
-0.669037
-0.711075
-0.694366
-0.623276
-0.494019
-0.32309
-0.12468
0.0892181
0.308701
0.525803
0.707886
0.857025
0.949371
0.985703
0.968475
0.883728
0.749283
0.554276
0.318741
0.0597839
-0.208344
-0.47403
-0.728134
-0.946136
-1.11877
-1.2314
-1.28329
-1.26704
-1.18802
-1.04375
-0.852234
-0.620514
-0.364441
-0.0975494
0.160126
0.410568
0.619949
0.780563
0.887695
0.939255
0.935226
0.859695
0.737823
0.573135
0.378708
0.165909
-0.046814
-0.253647
-0.432358
-0.575089
-0.667786
-0.709717
-0.692932
-0.62178
-0.492493
-0.321579
-0.12323
0.0905914
0.309982
0.526978
0.708939
0.857941
0.950134
0.986328
0.968979
0.884109
0.749542
0.554428
0.318817
0.0598145
-0.208328
-0.473999
-0.728058
-0.945984
-1.11852
-1.23103
-1.28282
-1.26648
-1.18736
-1.04301
-0.851425
-0.619629
-0.363495
-0.0965729
0.161102
0.411499
0.620819
0.781357
0.888397
0.939835
0.935684
0.860046
0.738068
0.573288
0.378784
0.165924
-0.0468445
-0.253708
-0.432434
-0.575165
-0.667847
-0.709747
-0.692917
-0.621719
-0.492386
-0.321426
-0.123047
0.0907745
0.31015
0.527115
0.709045
0.858002
0.95015
0.986267
0.968826
0.883865
0.749207
0.554001
0.318283
0.0591583
-0.209122
-0.47493
-0.729111
-0.947159
-1.11981
-1.23242
-1.28427
-1.26796
-1.18884
-1.04446
-0.852844
-0.621017
-0.364853
-0.0978851
0.159836
0.410294
0.619675
0.780258
0.887329
0.938797
0.934662
0.859024
0.73703
0.572205
0.377609
0.164627
-0.0482788
-0.25528
-0.434128
-0.57695
-0.669693
-0.711624
-0.694809
-0.623611
-0.494263
-0.323273
-0.124817
0.0891266
0.308655
0.525787
0.707901
