116,226,248,96,170,9,81,216,162,189,181,40,23,199,203,26,3,212,69,18,90,99,232,16,219,133,53,253,224,194,134,99
19,181,99,225,212,231,239,254,36,97,88,194,61,46,184,32,63,155,19,237,147,153,60,255,57,12,174,228,61,194,163,248
61,159,147,170,240,222,71,251,3,77,125,237,126,117,170,148,220,202,134,116,159,186,104,173,184,245,36,202,218,206,246,125
135,190,41,83,50,255,187,50,254,122,31,228,149,21,211,99,7,20,95,47,225,68,253,85,103,41,43,180,28,233,5,113
26,27,252,229,42,29,63,154,174,125,30,167,253,63,155,74,38,83,255,204,135,9,59,241,199,65,123,145,190,247,13,91
43,59,114,74,123,149,186,81,235,72,124,111,40,200,246,180,174,43,194,92,199,59,178,241,22,28,0,170,75,134,106,221
2,56,158,144,235,237,176,70,174,25,80,51,172,158,101,11,167,59,251,17,18,93,18,241,29,16,26,107,144,9,37,143
29,89,127,161,134,90,182,224,108,96,119,162,95,30,163,41,51,213,164,243,85,181,45,110,254,167,99,71,229,59,45,71
2,202,152,161,44,136,248,64,175,8,186,100,140,138,68,130,138,33,238,1,71,33,131,209,148,148,43,154,92,42,9,5
237,122,185,112,109,29,117,88,123,190,52,28,159,155,67,57,133,141,108,78,232,118,250,18,215,219,117,60,66,185,66,227
44,245,28,14,185,223,86,236,231,232,173,13,202,252,14,148,152,96,200,102,79,35,120,63,171,213,5,55,90,63,206,86
203,25,50,88,195,148,181,103,121,6,100,52,40,186,39,244,208,43,146,128,244,26,176,219,119,124,18,43,90,20,171,222
201,50,249,225,108,157,249,25,119,217,150,254,187,31,208,46,46,152,127,156,203,124,231,192,222,217,179,232,39,140,37,121
183,121,235,78,140,118,95,216,87,206,221,135,82,220,255,40,221,204,53,254,205,195,255,250,243,62,133,159,63,255,116,215
31,125,232,65,211,31,109,119,115,168,182,202,27,20,215,54,45,253,212,248,233,248,245,78,63,13,37,176,235,180,10,188
222,95,99,18,243,231,191,216,61,204,179,239,88,204,63,216,183,213,191,247,171,231,61,238,121,47,173,212,207,63,101,115
45,191,168,51,185,159,22,182,59,253,60,237,142,28,198,48,133,122,220,84,238,104,232,54,238,223,53,255,202,141,138,223
87,60,135,21,139,63,165,130,174,247,138,93,204,120,87,139,165,103,120,7,133,69,187,96,137,82,95,54,136,117,11,84
92,117,18,6,147,210,23,232,179,204,175,40,78,214,106,116,176,252,200,98,78,195,186,207,185,212,5,63,2,55,167,87
15,178,118,104,107,91,152,248,205,113,148,201,137,140,190,165,134,17,219,101,197,41,246,156,7,89,64,255,247,134,79,221
2,150,248,217,246,43,186,222,30,99,90,247,220,60,188,72,55,27,151,5,163,188,29,211,12,6,62,198,253,220,145,217
91,125,122,54,19,222,50,36,169,192,79,33,124,214,139,48,182,61,216,194,197,209,184,111,243,229,2,3,34,22,47,86
31,55,204,167,223,51,63,121,37,238,93,230,77,97,219,134,63,254,198,175,157,242,189,136,190,199,79,167,175,247,175,213
72,243,186,192,56,212,19,148,170,204,158,44,158,215,238,114,214,117,253,80,202,7,242,66,219,181,47,251,8,2,47,123
60,3,22,168,188,203,86,7,141,141,250,43,207,243,160,208,210,179,142,48,28,163,66,140,176,244,36,219,182,94,204,7
111,21,39,166,253,101,187,248,192,216,91,79,125,253,57,167,252,83,247,231,145,35,26,238,125,94,207,206,143,103,115,243
2,223,107,171,118,131,187,117,30,228,95,231,253,206,179,64,127,59,151,149,199,152,45,255,108,7,174,192,189,142,53,249
17,28,159,245,134,102,109,182,188,155,90,82,253,183,33,107,99,119,61,136,33,220,17,232,197,162,250,128,172,112,33,56
38,253,106,202,213,197,255,229,77,64,125,10,48,221,62,32,248,234,19,234,198,178,124,239,119,13,134,41,87,155,244,202
8,145,49,249,125,201,177,239,94,53,68,50,174,149,40,101,201,26,130,0,82,56,114,183,197,214,18,111,82,8,149,170
163,207,2,139,117,145,190,231,95,13,88,167,164,200,54,68,254,43,2,197,230,186,4,255,36,84,138,235,21,30,185,205
3,153,33,138,93,213,154,238,143,65,88,131,184,254,54,32,220,251,147,213,150,10,54,253,63,28,138,107,21,15,181,222
6,27,252,197,182,27,118,151,111,173,30,229,205,33,195,14,39,118,239,89,144,248,197,64,238,22,39,215,238,178,159,29
114,186,144,186,57,169,16,203,139,25,128,109,166,226,108,156,135,3,204,21,15,75,202,49,152,212,25,251,152,4,11,31
91,22,234,197,118,63,176,91,45,107,126,239,24,189,244,105,190,28,23,36,128,184,161,205,95,105,114,166,119,140,81,251
2,28,127,253,124,222,184,115,157,74,85,183,156,30,182,105,238,53,159,181,183,253,48,205,87,123,218,198,148,172,53,215
43,54,37,205,118,62,177,123,73,233,124,247,188,60,134,116,110,28,151,37,129,184,101,220,87,124,250,162,151,12,87,255
100,172,143,82,216,224,67,107,58,151,169,152,16,227,68,88,73,10,106,154,58,203,219,102,29,134,151,124,128,65,230,160
43,247,106,128,118,155,186,127,92,205,93,231,169,204,190,36,126,43,151,181,199,186,36,207,46,77,175,128,111,142,249,221
102,247,177,15,188,16,135,157,107,61,157,228,230,248,216,230,87,95,253,51,218,43,239,241,168,116,175,190,198,242,183,37
116,33,85,67,162,75,71,80,96,172,161,40,87,21,129,48,50,212,76,98,9,224,105,42,113,142,37,16,96,51,70,33
240,220,155,252,121,205,82,192,179,136,160,8,63,215,96,16,232,241,205,82,75,7,146,179,187,245,0,123,112,33,6,170
148,102,158,85,138,41,163,202,246,166,170,24,198,224,77,11,185,199,106,50,40,231,171,106,153,134,87,24,193,113,39,160
244,43,251,116,162,104,85,208,162,183,164,168,71,231,193,26,39,244,101,90,24,67,168,0,217,161,101,181,226,241,38,99
126,105,118,134,237,221,94,101,141,168,187,11,238,222,93,151,238,243,255,227,92,99,218,232,191,216,141,187,7,63,216,31
185,227,120,97,116,31,127,252,113,236,116,44,91,9,154,48,50,140,70,110,192,176,109,15,102,205,37,196,99,154,78,233
233,57,61,116,104,12,93,112,169,188,180,76,223,27,3,83,166,245,92,106,201,99,178,44,243,249,101,56,74,177,66,43
237,180,57,224,253,237,209,219,75,121,60,14,158,25,72,49,153,136,86,56,43,54,120,151,223,217,5,126,216,72,82,178
158,60,246,247,183,127,126,210,53,238,222,35,239,127,83,207,191,255,223,178,172,212,121,234,251,219,197,147,167,253,124,95
190,181,166,18,219,117,149,239,27,255,189,63,72,188,78,159,253,215,243,145,254,107,251,194,123,86,221,255,195,76,246,215
63,57,98,10,93,215,218,65,71,196,253,143,106,220,54,244,216,168,147,255,207,163,124,253,59,93,141,171,95,14,248,214
209,210,127,253,44,66,109,188,252,90,242,246,247,71,185,99,102,69,60,238,233,197,39,45,226,235,234,144,60,184,97,121
2,158,127,213,116,238,121,119,125,93,90,119,44,14,182,73,231,47,15,5,150,216,49,197,86,58,242,194,12,132,245,95
90,187,224,225,245,240,250,222,99,141,222,98,41,216,221,224,250,219,181,209,134,58,175,245,126,77,175,239,39,134,126,207
134,137,30,153,201,164,176,226,190,23,66,19,132,146,102,79,225,61,171,65,22,221,146,241,13,50,219,79,144,41,41,134
50,196,107,225,86,195,249,230,92,65,122,147,17,13,52,96,123,173,23,145,252,190,5,206,123,174,190,192,229,136,244,202
71,243,120,201,54,26,30,188,107,168,92,236,207,72,220,4,22,221,133,115,203,50,205,125,188,181,47,238,12,146,155,53
130,144,127,217,102,234,185,99,60,83,82,179,156,158,36,105,231,61,55,133,176,220,0,196,87,47,122,194,148,8,37,243
77,50,59,82,162,93,61,148,140,237,23,45,220,253,250,105,150,117,159,111,149,113,56,16,71,127,117,168,134,183,133,115
19,133,99,227,148,231,239,247,36,97,90,194,121,62,184,32,63,155,23,173,147,152,60,255,41,12,170,196,189,194,161,248
111,255,22,82,185,157,150,176,171,248,57,77,254,252,76,178,149,115,221,83,199,97,154,125,43,95,5,251,72,55,139,23
83,241,106,104,79,93,248,79,143,96,66,143,141,140,118,160,174,153,251,193,133,33,151,208,7,217,72,31,125,12,9,158
126,231,114,230,245,63,94,253,1,172,185,11,107,121,30,148,250,211,223,226,92,35,73,175,187,221,133,187,103,254,250,7
110,184,166,80,249,247,144,203,155,255,181,57,10,252,102,190,141,215,255,17,190,107,186,192,27,94,93,255,195,77,190,247
216,29,158,244,178,98,47,55,180,134,94,178,125,103,161,67,119,247,61,168,49,217,49,238,249,231,254,128,166,240,165,41
178,219,86,162,182,130,82,244,141,133,242,227,79,139,168,209,222,213,142,114,204,187,76,172,184,241,38,199,54,142,188,13
72,243,121,232,58,156,27,20,170,204,188,172,159,215,194,112,86,61,221,120,195,3,242,69,251,173,43,248,44,146,7,115
19,219,107,171,22,131,187,117,30,65,91,231,117,207,184,96,126,185,23,213,195,152,4,255,252,4,174,192,61,138,177,249
60,125,147,174,219,210,23,238,51,132,236,32,110,247,35,212,216,250,192,194,76,139,250,188,187,247,7,27,50,119,38,238
31,55,231,135,151,118,127,121,69,236,223,199,75,110,159,38,126,238,181,174,157,146,253,204,250,124,175,134,175,246,244,215
82,198,63,244,165,98,93,230,253,151,198,146,207,171,60,75,243,215,173,163,120,219,33,204,249,243,222,71,132,216,181,106
120,243,122,98,54,130,31,252,96,236,188,236,183,74,140,48,222,221,5,243,203,27,236,60,184,197,166,248,44,147,246,57
79,223,66,246,255,180,190,240,145,138,213,174,237,255,187,167,127,247,215,239,165,7,170,238,62,255,207,235,175,183,187,149
124,133,122,230,213,115,222,253,65,164,189,11,107,237,62,16,122,250,135,234,216,59,76,254,123,221,133,59,119,254,254,206
2,57,27,186,234,229,177,71,142,19,153,51,188,218,100,74,231,59,75,17,18,11,18,241,93,16,26,107,144,72,165,139
239,95,231,254,253,54,238,216,153,202,213,110,76,253,185,228,223,241,215,255,163,39,10,255,63,127,143,142,159,255,121,181
8,152,49,217,23,201,48,239,95,17,64,50,174,149,32,100,211,27,2,0,19,184,83,183,133,246,18,107,18,8,133,186
84,61,19,232,27,237,18,72,173,136,169,40,62,215,97,113,248,177,78,114,75,3,146,93,209,144,2,59,80,3,39,3
44,227,122,69,116,95,111,252,116,236,119,32,91,5,154,48,62,140,6,110,192,176,45,76,103,201,33,132,103,186,102,225
147,143,43,139,52,129,159,231,92,4,88,166,180,200,182,97,222,43,2,165,230,186,100,255,228,4,170,170,21,74,177,205
233,121,185,116,108,29,117,116,121,254,116,92,31,155,67,59,132,121,118,74,193,118,178,2,215,219,113,40,66,176,70,235
63,61,227,238,191,118,223,216,95,234,153,103,88,252,63,237,221,223,159,231,233,227,125,248,115,127,175,150,95,127,116,119
39,157,99,206,213,183,175,231,93,74,120,66,96,252,60,164,217,251,147,163,243,186,60,255,53,30,142,194,221,94,240,244
126,176,231,16,221,221,208,239,243,125,181,27,10,188,94,182,233,154,239,145,158,107,187,213,27,86,149,127,227,12,254,214
102,144,56,248,127,228,177,235,203,85,124,7,188,252,110,96,219,27,179,49,151,42,250,213,95,120,202,111,221,8,119,211
19,250,106,139,118,147,171,252,78,68,93,231,25,204,182,32,126,169,151,207,199,186,44,245,116,13,170,204,125,143,113,213
77,123,251,239,254,220,255,145,234,205,127,164,253,255,211,242,38,125,255,221,131,176,191,224,103,253,47,128,231,183,167,241
203,127,102,102,98,30,254,119,41,202,127,239,61,44,151,167,46,247,247,239,245,250,164,232,118,121,110,138,111,246,139,253
177,180,57,227,245,239,215,127,91,251,61,24,158,57,64,49,169,154,22,56,59,62,120,159,207,223,17,118,216,73,211,179
26,112,235,224,37,90,249,72,43,228,183,3,158,223,71,46,254,149,253,176,10,69,179,192,211,217,139,179,7,6,103,99
16,134,219,141,178,170,43,159,62,35,91,246,213,34,184,64,119,15,38,176,182,156,13,95,172,166,58,196,180,192,129,137
94,167,163,186,187,224,91,232,187,29,137,185,111,239,90,80,247,219,253,215,30,67,170,247,251,245,139,255,182,71,183,83
62,61,242,247,181,127,126,210,63,174,255,11,107,127,85,220,255,255,191,242,188,210,121,234,223,223,245,131,167,255,84,19
136,50,247,245,36,46,121,23,63,105,83,245,189,159,72,106,254,157,55,145,147,252,147,195,197,190,250,192,140,128,37,177
93,30,191,244,170,36,25,18,172,206,159,118,221,63,3,106,231,117,125,130,153,197,243,194,211,255,250,154,136,97,37,115
26,191,96,227,244,147,254,253,99,44,221,231,41,233,222,160,254,155,151,241,222,58,140,253,126,77,175,231,39,134,254,139
147,123,109,7,114,82,173,17,104,92,85,230,181,6,150,53,38,13,21,141,195,208,109,93,164,40,170,128,36,130,183,245
87,57,252,87,138,122,181,3,238,247,143,162,209,124,87,46,35,119,249,145,21,193,191,96,206,47,95,23,229,119,143,86
73,76,142,159,45,219,108,52,252,210,199,128,251,113,179,239,67,102,250,46,225,229,127,190,134,127,247,16,158,254,89,60
11,146,115,155,101,164,185,23,125,89,91,245,156,15,180,232,231,63,159,21,147,184,19,199,76,125,50,194,142,140,161,249
107,209,227,88,225,213,120,87,87,89,84,253,40,159,182,253,204,154,151,157,151,218,118,209,95,123,218,235,159,132,254,255
143,139,81,223,229,185,110,248,95,8,125,100,234,195,188,237,218,234,174,78,199,224,107,241,6,89,64,50,26,223,200,45
2,150,250,187,50,224,184,98,62,71,91,183,173,254,42,64,247,59,151,133,150,152,28,247,140,247,154,195,148,70,165,211
203,158,118,31,226,250,53,183,253,94,126,245,108,126,167,255,167,99,238,6,229,205,39,255,38,126,114,131,78,244,237,93
18,81,174,253,7,149,184,7,175,153,222,163,237,222,54,66,166,177,191,145,214,152,23,213,223,83,203,195,61,4,189,31
63,169,107,75,245,211,239,249,87,68,119,130,73,221,254,228,123,220,183,218,219,190,45,255,47,124,133,196,119,175,244,228
167,207,126,222,173,185,126,232,223,22,253,134,234,234,191,97,251,235,46,198,230,52,110,243,126,26,199,43,158,255,120,140
102,49,240,88,255,253,152,207,139,253,188,57,14,220,87,190,143,123,255,17,158,107,226,208,27,93,29,255,214,76,158,95
172,67,122,69,116,75,239,240,117,172,119,34,91,77,191,48,58,252,23,110,192,176,45,76,103,137,33,133,103,187,118,225
82,139,190,247,7,6,125,227,47,53,206,3,239,43,32,74,226,215,171,193,24,217,11,233,217,247,223,7,128,48,37,42
128,145,159,187,234,161,181,71,190,25,88,114,188,215,104,73,231,59,43,144,82,200,2,241,205,144,126,234,144,64,165,171
18,133,111,237,182,227,239,255,100,108,222,162,113,127,176,32,58,146,23,233,249,153,45,253,248,13,175,196,53,194,245,233
141,57,250,239,246,220,123,208,119,205,119,162,249,221,211,160,126,253,183,220,146,182,255,234,255,233,167,137,167,183,110,243
70,253,177,78,219,212,151,236,171,192,136,40,124,246,37,246,146,127,249,115,67,75,186,253,57,52,15,62,26,119,39,127
217,159,85,239,146,22,110,191,44,64,90,198,125,99,176,225,118,103,28,238,241,153,21,253,236,233,174,192,63,166,169,25
63,49,231,236,181,55,222,121,69,232,223,103,90,253,183,228,252,253,191,231,153,179,61,204,123,125,173,150,239,255,120,119
94,175,46,22,153,213,151,233,150,247,143,139,192,236,122,4,25,230,233,167,254,75,175,55,251,71,143,125,65,110,183,70
78,21,186,245,169,100,25,19,186,199,143,16,221,191,67,106,215,247,253,144,25,193,243,194,203,245,218,27,136,97,165,115
60,173,250,78,213,211,95,249,87,5,125,10,75,237,190,52,123,254,151,250,250,186,60,255,123,255,133,69,247,171,246,230
132,213,61,250,175,233,149,239,222,62,181,56,254,127,104,43,131,83,202,98,114,101,106,247,237,211,87,127,208,121,133,163
169,114,187,117,100,93,119,84,123,238,116,24,191,157,67,56,148,121,86,74,193,246,240,2,199,221,53,32,66,184,71,235
94,207,215,238,178,66,110,183,165,202,218,227,125,231,32,195,103,231,61,234,121,153,129,238,251,230,238,128,174,242,161,57
71,253,30,62,217,157,150,248,170,200,56,77,254,252,15,176,148,115,221,103,199,105,154,125,171,93,45,186,72,51,139,23
92,113,19,232,11,73,23,72,172,4,161,40,158,151,96,213,246,177,206,98,80,3,130,92,241,128,11,58,18,51,167,35
0,143,17,223,54,195,35,167,30,5,104,226,180,55,32,68,70,59,10,0,50,184,65,127,37,182,18,64,16,10,165,57
129,79,47,191,172,135,143,247,212,78,218,71,245,99,49,97,76,98,31,239,232,129,125,61,224,34,238,144,20,251,181,105
35,157,43,223,212,247,174,231,92,74,121,2,112,124,52,32,217,123,19,35,243,186,120,255,41,47,174,65,221,122,249,190
215,218,86,174,50,10,30,244,189,4,242,231,239,66,168,209,118,197,174,103,237,151,29,237,176,162,110,212,60,187,41,29
188,230,111,250,123,227,90,248,55,29,253,185,95,239,41,17,255,217,215,242,58,71,42,183,251,199,169,253,179,247,38,227
234,158,96,158,120,177,15,63,30,71,196,245,172,102,154,213,87,59,155,133,234,14,110,255,228,54,186,187,30,212,190,93
117,132,108,46,30,86,91,168,112,70,207,143,115,108,26,114,115,197,121,231,237,3,255,31,241,239,201,28,61,103,122,86
163,110,106,76,86,149,238,244,85,200,116,206,49,204,183,37,124,232,22,239,237,190,36,255,54,13,173,168,125,189,122,221
86,233,173,4,155,216,143,133,230,245,142,136,219,244,86,38,32,247,249,209,27,9,247,96,249,116,143,91,228,54,135,118
58,121,19,14,155,211,22,236,7,196,232,37,110,246,39,244,208,123,192,66,77,139,122,191,187,245,5,59,50,118,38,254
60,227,27,106,112,141,95,252,33,8,120,105,63,219,136,16,150,200,69,110,90,51,136,61,250,237,37,236,96,146,194,131
107,221,102,78,125,150,254,247,233,73,254,71,121,190,54,247,236,247,215,239,245,139,176,239,115,123,234,200,79,6,250,221
188,116,120,101,85,91,83,248,21,164,253,171,91,29,13,17,90,220,199,234,104,178,121,158,119,201,161,53,103,187,86,242
214,183,146,182,187,128,31,173,187,157,139,177,236,231,72,86,247,255,237,211,122,75,138,231,185,244,143,251,128,71,165,99
254,94,223,254,195,96,93,198,177,30,229,187,79,255,41,91,247,255,181,162,120,199,170,226,243,243,223,143,161,113,166,115
126,97,123,236,103,80,89,81,161,72,253,42,91,223,171,52,254,189,151,226,72,51,160,200,83,249,163,175,103,175,118,99
11,146,50,155,117,180,184,22,63,89,95,245,188,159,254,236,199,59,151,157,147,156,66,243,14,125,186,194,158,133,169,245
210,203,190,180,23,128,121,69,175,133,134,19,111,139,34,82,226,229,233,213,74,139,131,195,219,245,139,83,0,32,45,10
158,92,123,250,35,213,95,118,173,14,180,177,191,31,163,88,231,177,221,2,200,143,48,254,243,223,126,147,54,214,39,123
188,74,122,103,116,219,123,112,117,132,119,160,123,77,183,16,122,252,199,106,232,183,56,174,119,233,33,129,103,187,118,242
98,59,240,216,251,217,152,207,139,253,176,253,140,156,215,26,143,219,255,17,150,107,226,240,26,28,61,255,223,12,143,223
40,112,187,97,116,93,119,80,123,110,116,8,191,221,67,56,148,89,85,74,195,180,112,2,199,221,49,32,66,186,71,251
38,169,251,91,213,211,247,236,95,196,116,2,96,220,53,160,121,248,147,218,214,190,126,255,47,30,133,71,87,11,244,238
0,143,30,172,86,135,167,119,132,12,94,135,245,227,34,64,84,34,11,108,80,184,16,61,101,165,170,64,48,138,37,123
76,77,63,254,140,135,103,180,196,14,218,66,247,115,49,65,88,98,63,110,233,161,59,61,241,171,230,16,48,250,180,104
90,207,71,238,48,134,110,182,165,200,218,198,125,231,160,194,118,231,61,238,73,155,136,239,185,238,175,128,46,242,48,57
214,113,19,200,11,91,22,104,169,128,232,40,14,146,37,244,254,185,206,98,89,3,130,88,177,144,2,127,80,50,39,37
39,236,98,91,85,211,239,236,87,196,118,2,104,205,247,164,123,248,146,250,214,190,62,254,47,28,133,111,119,143,244,236
147,218,78,174,2,7,78,252,29,74,242,199,119,2,179,81,126,197,31,239,237,151,29,255,176,168,239,148,61,187,169,25
26,222,23,185,178,195,61,151,30,9,90,231,189,23,161,64,231,59,159,144,34,156,1,255,236,230,190,130,190,24,165,59
140,246,189,242,171,105,53,239,158,54,165,184,206,247,105,27,167,83,235,34,114,101,58,113,253,211,87,127,144,112,133,227
222,21,187,254,185,108,89,11,187,197,143,17,159,191,107,122,213,95,253,17,58,73,177,130,251,245,158,91,128,96,133,114
242,34,206,76,24,178,72,11,22,176,202,145,97,227,36,210,81,236,233,172,44,71,203,31,26,171,197,29,49,160,56,10
173,120,106,237,117,156,123,240,117,200,116,2,57,223,147,160,126,252,151,254,194,190,252,175,119,237,163,161,111,175,122,185
222,238,66,250,187,160,91,232,179,20,137,153,79,231,72,209,247,221,237,242,58,71,186,183,251,247,143,127,178,55,39,114
235,223,34,220,117,148,254,247,249,10,116,119,44,250,182,229,236,231,55,207,244,191,130,239,54,122,238,202,95,20,250,143
60,254,93,234,250,99,91,248,55,62,253,171,95,239,41,153,255,221,215,242,10,67,75,61,251,199,225,253,243,243,102,163
188,107,122,111,117,151,123,216,119,172,118,2,59,201,243,244,126,252,151,250,202,190,173,174,126,205,165,161,103,143,122,171
38,207,236,158,253,185,255,224,207,22,252,135,234,232,127,69,203,235,167,231,206,50,78,253,252,30,207,63,213,127,221,198
211,201,103,205,174,66,79,189,105,64,82,66,121,118,180,119,118,229,60,238,233,153,53,237,176,170,238,128,45,176,161,125
123,165,30,32,241,95,125,127,107,125,182,29,14,15,222,85,165,135,252,28,254,107,225,213,250,249,22,247,202,132,234,95
27,30,96,159,155,180,30,63,29,70,205,151,233,110,30,213,87,123,145,167,239,138,94,191,166,247,154,26,62,198,139,220
75,30,254,28,226,252,189,55,255,223,126,245,108,238,183,254,167,119,183,5,181,221,39,235,22,127,126,131,223,244,173,221
254,222,255,254,232,98,93,238,179,159,244,177,93,255,73,91,223,223,181,130,56,198,234,162,219,243,247,143,160,241,166,243
163,72,107,92,116,151,239,244,92,74,116,95,49,204,183,33,204,232,23,239,237,254,116,255,54,26,234,136,93,189,114,220
172,231,91,106,112,11,107,248,96,8,124,104,119,67,137,16,26,136,4,106,72,182,8,63,230,201,33,228,112,179,66,161
137,255,139,177,240,236,101,215,48,207,124,125,189,54,194,16,167,107,198,20,247,158,160,42,236,199,62,160,168,84,143,217
245,30,6,134,29,122,66,104,161,138,187,110,98,114,143,255,248,228,236,226,45,231,201,236,176,242,227,155,9,127,106,7
87,121,63,44,11,87,150,248,168,232,128,76,214,220,1,33,182,117,124,99,197,99,186,61,177,225,111,190,72,51,43,247
222,165,190,240,153,212,28,239,185,159,134,25,158,63,74,219,225,87,253,17,126,77,147,230,251,243,30,127,128,84,173,43
54,252,123,91,150,199,151,228,222,196,248,2,112,220,55,32,249,122,19,211,206,175,122,63,107,140,143,67,85,27,244,250
91,157,87,253,162,18,62,182,48,74,90,228,125,55,160,241,102,247,61,238,245,153,133,127,246,239,234,128,62,241,33,25
123,205,67,206,112,146,110,182,161,128,234,198,121,227,160,244,114,239,60,206,77,139,156,239,58,174,174,136,47,243,232,12
5,205,23,238,140,135,71,244,196,8,207,66,246,241,48,100,88,98,58,106,73,41,123,61,249,190,231,24,16,250,240,40
128,143,31,204,82,134,111,119,20,12,78,199,112,227,160,69,116,34,3,108,96,153,17,29,96,168,162,128,58,170,164,248
18,222,194,222,114,135,110,212,55,72,94,199,121,199,176,116,118,249,23,206,195,155,10,255,50,238,175,128,62,178,168,185
208,119,26,72,10,145,18,104,172,128,168,232,12,210,229,208,246,185,202,226,68,7,134,91,176,0,43,59,16,50,43,15
56,120,185,97,32,79,127,80,123,170,116,8,159,31,0,48,148,220,93,74,202,244,241,10,199,253,48,33,66,176,71,163
62,227,144,161,207,121,148,207,3,189,189,43,11,172,75,158,249,219,199,48,30,114,200,144,159,213,215,127,243,94,222,206
188,72,123,110,116,219,255,112,245,196,247,129,123,207,183,17,122,248,151,106,232,183,56,237,115,249,32,1,103,187,118,250
54,139,224,174,221,217,247,232,207,4,248,139,107,236,119,68,248,235,167,199,78,42,110,253,191,221,143,43,247,63,116,206
34,186,115,144,126,137,184,86,139,233,176,255,172,156,198,16,143,187,215,17,135,111,194,243,30,20,62,250,77,140,7,223
254,179,189,246,153,71,157,168,187,191,182,25,207,111,73,27,157,215,237,242,56,71,251,124,251,211,237,247,225,113,134,115
90,31,79,189,50,226,63,50,156,72,94,231,253,39,161,193,102,119,191,196,193,153,1,253,252,39,234,192,60,165,37,121
34,233,106,89,85,211,247,236,223,132,244,2,32,205,119,32,120,248,131,218,70,191,182,255,47,30,133,107,85,154,116,238
60,108,92,234,75,183,91,248,167,164,173,139,91,239,9,152,127,249,237,242,8,3,73,188,219,199,197,61,179,243,110,226
213,76,75,175,32,98,106,152,60,234,211,230,245,82,185,104,126,229,126,238,233,149,77,106,212,239,235,144,28,243,33,25
43,222,114,220,229,180,254,247,249,14,90,103,44,250,183,192,239,107,23,133,228,187,130,239,54,127,190,138,87,124,251,207
210,193,30,188,31,128,56,69,174,4,134,19,164,139,34,82,232,167,235,192,78,143,147,199,242,241,154,83,0,0,173,10
1,135,69,187,188,171,109,187,87,125,123,229,195,104,154,100,95,14,38,12,159,184,111,149,140,254,50,196,252,202,208,213
27,137,172,191,147,247,95,239,22,119,77,23,121,46,58,216,125,203,145,141,62,24,57,181,211,239,218,69,187,69,171,218
222,102,46,132,11,50,58,74,169,134,143,183,76,195,35,223,99,245,237,163,40,199,138,202,211,113,203,159,2,117,47,70
92,90,255,207,102,66,127,176,96,206,215,226,121,119,145,115,118,244,61,234,192,213,173,233,118,171,239,128,39,243,101,105
172,71,91,111,116,15,111,248,116,72,125,76,87,67,153,17,30,200,6,106,233,182,41,31,102,201,33,4,114,179,70,161
107,165,105,64,241,127,121,111,107,125,253,153,27,14,94,48,219,143,215,28,158,58,225,214,95,223,48,237,195,132,198,254
10,149,48,219,213,213,188,239,31,93,92,23,172,222,110,228,205,27,147,145,246,24,122,247,111,95,158,107,146,12,173,223
173,71,91,109,100,47,111,248,116,234,127,68,83,103,153,49,60,236,6,110,225,180,41,30,102,175,33,132,123,251,74,177
225,54,141,189,108,47,1,26,26,251,67,125,214,196,2,91,149,76,104,5,165,212,203,31,68,35,249,180,152,41,82,83
5,131,65,171,252,9,106,153,86,113,123,231,211,104,216,192,95,8,46,126,151,48,207,23,46,12,167,228,188,139,208,209
11,207,82,94,82,151,110,246,55,0,120,194,41,194,181,116,126,235,23,206,198,154,14,255,34,172,174,136,63,146,169,140
218,245,149,240,155,196,20,175,171,59,128,25,142,63,72,211,161,215,253,17,126,79,147,245,251,243,94,127,130,20,175,11
97,205,19,206,221,196,70,182,207,72,72,64,246,240,160,228,81,114,58,74,75,42,90,191,173,190,134,88,26,154,208,44
206,148,181,211,243,240,184,147,187,83,7,176,204,119,72,239,167,23,177,144,51,92,187,231,15,115,222,67,134,69,133,119
184,201,122,234,93,205,95,252,133,76,244,3,123,223,58,80,120,248,151,106,74,35,58,189,115,217,36,57,115,155,230,234
188,72,126,126,69,223,255,112,245,4,247,2,123,221,53,33,120,248,151,234,104,183,120,173,115,249,160,1,119,187,118,234
208,228,10,188,76,196,125,111,188,15,198,31,37,139,42,80,233,135,47,129,126,15,147,23,241,229,186,73,32,24,188,74
222,103,198,180,139,50,60,199,189,182,130,183,204,170,79,219,231,199,237,247,116,69,143,224,146,243,223,151,174,117,169,6
13,190,19,219,244,133,185,255,30,89,80,86,252,211,104,96,213,59,50,24,179,216,26,247,237,158,63,224,152,8,161,169
13,35,209,163,252,27,234,152,110,225,49,238,223,64,217,160,62,76,78,127,151,48,77,208,12,220,39,228,222,187,75,129
24,57,185,101,176,78,94,87,121,10,118,72,159,31,0,48,148,189,85,8,72,188,192,10,227,253,48,1,66,176,74,43
120,163,250,96,247,26,242,77,123,173,191,43,75,169,94,144,186,141,229,240,30,51,161,194,254,205,37,117,103,174,222,194
60,161,250,226,253,91,87,201,3,165,189,43,75,253,106,20,216,217,195,112,28,35,232,146,251,213,5,127,243,62,230,194
124,104,248,238,24,193,95,232,23,166,172,10,115,215,65,16,120,248,103,202,72,39,251,58,251,205,133,57,115,187,102,170
213,20,255,237,6,46,107,88,100,234,83,66,215,247,185,107,118,116,60,238,169,149,189,10,209,175,235,132,172,243,113,33
200,55,19,104,139,115,172,71,228,130,235,212,173,130,33,149,110,23,202,160,97,135,212,74,180,224,10,8,72,80,43,28
176,169,105,238,220,193,211,239,87,69,252,139,51,253,118,0,88,250,147,192,106,43,236,191,127,13,133,57,117,138,246,202
124,182,184,246,137,61,18,248,147,191,189,24,207,255,74,186,181,223,236,2,46,99,251,179,219,215,117,63,242,123,15,35
127,12,150,140,9,62,82,74,41,162,171,143,78,34,39,223,236,245,236,167,12,67,209,200,146,243,203,23,139,111,42,4
148,1,30,186,184,130,60,109,188,144,129,145,213,234,42,75,230,97,93,247,116,197,10,12,234,225,239,217,12,176,171,131
10,207,98,31,217,145,239,231,247,5,124,131,169,234,182,196,106,235,2,204,198,138,70,253,38,124,142,137,23,212,236,140
9,188,19,219,245,167,169,255,94,73,80,86,252,211,232,228,213,59,50,24,179,220,26,247,13,223,63,232,154,8,33,185
218,252,149,176,169,208,20,167,171,59,128,57,174,191,72,219,225,215,237,208,122,79,203,245,185,211,94,127,130,84,175,43
41,205,0,155,245,149,78,183,95,9,72,68,176,226,50,228,216,106,2,76,207,138,94,191,46,255,150,72,26,158,216,140
184,201,126,110,124,201,199,252,197,12,244,2,115,221,189,113,88,240,22,106,104,167,106,189,115,233,160,25,115,187,116,170
56,61,26,225,53,159,86,55,53,8,254,72,191,27,0,144,148,191,221,8,72,184,17,14,227,253,32,17,106,128,203,11
197,106,73,129,116,11,234,216,126,224,115,207,211,73,217,0,126,204,78,254,231,118,205,122,60,8,167,228,109,187,81,208
124,43,122,96,215,90,83,81,113,164,255,139,11,141,119,16,120,188,133,250,24,178,164,142,123,237,129,77,231,171,254,226
188,201,123,74,124,223,199,252,199,12,244,2,115,221,188,49,88,248,23,106,106,35,106,189,115,217,165,93,115,155,244,226
60,57,251,104,215,223,83,89,19,228,125,11,91,253,103,180,88,248,131,114,24,178,184,170,123,205,5,123,227,47,102,242
147,101,79,81,162,122,109,71,52,114,102,180,177,6,133,123,99,14,110,140,99,220,103,98,180,162,254,128,101,208,165,124
203,208,188,55,11,252,177,3,188,87,7,49,253,126,74,107,167,51,249,1,164,69,179,1,199,227,90,19,128,100,13,115
44,52,248,107,244,111,243,88,115,227,125,24,83,253,223,56,89,152,23,58,155,182,249,146,95,223,161,237,231,235,86,227
16,143,26,191,22,232,126,130,62,76,218,3,183,170,35,64,224,235,44,199,14,153,137,57,244,229,170,129,48,83,45,74
127,9,138,174,233,58,82,65,169,172,239,9,110,170,39,222,232,229,238,133,28,131,192,200,146,117,139,27,139,111,42,6
208,219,95,102,50,138,63,117,252,72,114,228,55,51,160,112,166,247,44,194,225,157,32,111,240,163,98,128,104,178,165,57
112,148,253,119,182,106,66,50,112,243,75,248,215,37,152,59,7,86,124,47,185,252,221,47,204,162,113,80,236,235,146,48
176,173,104,203,220,199,215,239,86,33,232,10,50,29,36,49,72,154,19,240,122,43,89,191,125,136,132,125,81,10,246,170
214,19,255,119,34,98,59,120,188,198,247,247,125,231,171,91,54,117,253,230,161,213,165,106,210,227,106,128,44,161,39,113
126,3,194,174,125,16,82,64,137,12,247,171,111,202,47,208,250,237,229,67,28,3,142,171,178,245,2,155,19,47,126,71
33,249,25,74,221,205,231,253,91,57,105,72,114,209,76,52,153,90,2,90,83,58,250,117,61,156,21,110,88,26,194,186
33,143,24,155,245,157,102,239,95,25,120,1,166,200,190,192,209,42,2,77,214,184,78,189,46,29,22,99,26,142,216,140
25,191,26,224,49,158,84,55,45,9,190,104,191,27,0,208,134,191,204,8,94,169,0,15,243,253,48,17,106,128,202,11
188,201,120,74,124,219,199,252,71,4,244,42,115,221,188,33,90,216,22,106,72,163,104,189,107,217,165,125,119,186,212,169
218,190,149,178,169,252,20,167,187,63,130,57,174,182,64,223,197,87,237,129,110,79,202,241,153,211,95,127,130,68,143,31
188,203,126,110,44,137,199,252,197,4,244,10,115,217,44,49,88,240,70,106,106,39,106,61,115,249,33,57,117,187,84,170
1,78,237,121,162,170,108,150,126,19,122,240,181,35,145,121,39,106,61,156,227,220,69,110,228,174,118,128,164,208,65,41
13,110,65,161,84,11,106,152,116,224,114,194,211,0,209,225,122,204,94,255,201,244,77,28,44,8,167,164,117,187,80,224
169,121,123,94,125,221,179,212,219,200,116,10,56,221,183,164,204,122,146,88,131,43,122,253,127,93,5,58,83,159,82,253
45,52,241,89,116,111,243,90,87,238,125,58,91,125,221,44,93,152,23,58,137,246,109,138,71,223,161,172,231,233,86,225
162,157,230,23,203,144,188,165,186,87,67,183,232,236,126,135,205,99,243,149,246,77,30,231,44,18,222,195,205,86,185,222
14,178,20,187,235,153,176,205,143,61,17,255,140,202,110,143,135,27,239,17,22,65,202,241,142,80,31,255,158,13,143,151
93,220,158,182,42,54,28,170,188,186,142,48,255,58,171,235,231,87,252,131,236,197,11,162,210,231,255,151,136,113,41,11
